repository_name,date,clones,unique_visitors/cloners
2018-09-01-steward,2022-04-28,2,1
astrochun.github.io,2022-04-22,1,1
astrochun.github.io,2022-04-24,2,1
chun_codes,2022-04-29,1,1
chun_codes,2022-04-30,2,1
chun_codes,2022-05-02,2,1
closed-discussion-message,2022-04-28,1,1
containeraction,2022-04-28,3,2
Evolution-of-Galaxies,2022-04-22,2,1
Evolution-of-Galaxies,2022-04-24,2,1
Evolution-of-Galaxies,2022-04-25,4,2
Evolution-of-Galaxies,2022-04-27,2,1
Evolution-of-Galaxies,2022-05-01,4,2
Evolution-of-Galaxies,2022-05-05,6,3
Extract1D,2022-04-23,2,1
Extract1D,2022-04-24,4,2
Extract1D,2022-04-25,2,1
Extract1D,2022-04-28,2,1
Extract1D,2022-04-29,3,2
Extract1D,2022-05-01,2,1
Extract1D,2022-05-02,2,1
figshare_actions,2022-04-27,2,1
figshare_actions,2022-05-03,2,1
figshare_test,2022-05-03,2,1
figshare_test2,2022-04-24,2,1
github-stats,2022-04-22,3,2
github-stats,2022-04-23,3,2
github-stats,2022-04-24,3,2
github-stats,2022-04-25,3,2
github-stats,2022-04-26,4,3
github-stats,2022-04-27,3,2
github-stats,2022-04-28,3,2
github-stats,2022-04-29,4,3
github-stats,2022-04-30,3,2
github-stats,2022-05-01,4,3
github-stats,2022-05-02,3,2
github-stats,2022-05-03,3,2
github-stats,2022-05-04,3,2
github-stats,2022-05-05,3,2
github-stats-pages,2022-04-22,3,2
github-stats-pages,2022-04-24,12,4
github-stats-pages,2022-04-25,7,3
github-stats-pages,2022-04-27,23,4
github-stats-pages,2022-04-29,1,1
github-stats-pages,2022-04-30,2,1
github-stats-pages,2022-05-01,45,5
github-stats-pages,2022-05-02,2,2
github-stats-pages,2022-05-03,2,1
github-stats-pages,2022-05-04,1,1
github-stats-pages,2022-05-05,41,4
GNIRSLongSlit,2022-04-25,1,1
manifests_with_flux,2022-04-27,2,1
MZEnv,2022-04-29,1,1
overleaf_github_demo,2022-04-24,1,1
