date,path,title,count,uniques
2023-02-18,/astrochun/github-stats,astrochun/github-stats: My GitHub stats,1,1
2023-02-18,/astrochun/github-stats-pages,astrochun/github-stats-pages: Retrieve statistics for a user's repositories a...,4,3
2023-02-18,/astrochun/github-stats-pages/blob/main/.github/workflows/create-release.yml,github-stats-pages/create-release.yml at main · astrochun/github-stats-pages,1,1
2023-02-18,/astrochun/github-stats-pages/blob/main/.github/workflows/pypi-publish.yml,github-stats-pages/pypi-publish.yml at main · astrochun/github-stats-pages,1,1
2023-02-18,/astrochun/github-stats-pages/blob/main/.github/workflows/readme-update.yml,github-stats-pages/readme-update.yml at main · astrochun/github-stats-pages,1,1
2023-02-18,/astrochun/github-stats-pages/tree/main/.github,github-stats-pages/.github at main · astrochun/github-stats-pages,1,1
2023-02-18,/astrochun/github-stats-pages/tree/main/.github/workflows,github-stats-pages/.github/workflows at main · astrochun/github-stats-pages,1,1
2023-02-18,/astrochun/Metallicity_Stack_Commons/blob/dfbad3382b547a31e1cbec5ac73a0c6df70bde6d/Metallicity_Stack_Commons/analysis/temp_metallicity_calc.py,Metallicity_Stack_Commons/temp_metallicity_calc.py at dfbad3382b547a31e1cbec5...,2,1
2023-02-18,/astrochun/Metallicity_Stack_Commons/blob/dfbad3382b547a31e1cbec5ac73a0c6df70bde6d/Metallicity_Stack_Commons/analysis/attenuation.py,Metallicity_Stack_Commons/attenuation.py at dfbad3382b547a31e1cbec5ac73a0c6df...,1,1
2023-02-18,/astrochun/Metallicity_Stack_Commons/tree/dfbad3382b547a31e1cbec5ac73a0c6df70bde6d/Metallicity_Stack_Commons/analysis,Metallicity_Stack_Commons/Metallicity_Stack_Commons/analysis at dfbad3382b547...,1,1
2023-02-18,/astrochun/uarizona-salary-app,GitHub - astrochun/uarizona-salary-app: Streamlit app to illustrate Universit...,13,7
2023-02-18,/astrochun/uarizona-salary-app/tree/main/salary_app,uarizona-salary-app/salary_app at main · astrochun/uarizona-salary-app · GitHub,6,5
2023-02-18,/astrochun/uarizona-salary-app/tree/main/assets,uarizona-salary-app/assets at main · astrochun/uarizona-salary-app · GitHub,3,2
2023-02-18,/astrochun/uarizona-salary-app/blob/main/salary_app/main.py,uarizona-salary-app/main.py at main · astrochun/uarizona-salary-app · GitHub,2,2
2023-02-18,/astrochun/uarizona-salary-app/blob/fd9b81a95b8b96c9003e25698d9ec7f662bc9dee/salary_app/main.py,uarizona-salary-app/main.py at fd9b81a95b8b96c9003e25698d9ec7f662bc9dee · ast...,2,1
2023-02-18,/astrochun/uarizona-salary-app/tree/main,uarizona-salary-app/ at main · astrochun/uarizona-salary-app · GitHub,2,1
2023-02-18,/astrochun/uarizona-salary-app/blob/main/salary_app/etl.py,uarizona-salary-app/etl.py at main · astrochun/uarizona-salary-app,1,1
2023-02-18,/astrochun/uarizona-salary-app/commits,Commits · astrochun/uarizona-salary-app · GitHub,1,1
2023-02-18,/astrochun/uarizona-salary-app/tree/main/.github,uarizona-salary-app/.github at main · astrochun/uarizona-salary-app · GitHub,1,1
